Using Matrix Free
Using 1 threads
n_dofs = 117649
Elapsed Time: 7.08582

RAPL read -- use -s for sysfs, -p for perf_event, -m for msr

Found Skylake-X Processor type
	0 (0), 1 (1), 2 (0), 3 (1), 4 (0), 5 (1), 6 (0), 7 (1)
	8 (0), 9 (1), 10 (0), 11 (1), 12 (0), 13 (1), 14 (0), 15 (1)
	16 (0), 17 (1), 18 (0), 19 (1), 20 (0), 21 (1), 22 (0), 23 (1)
	24 (0), 25 (1), 26 (0), 27 (1), 28 (0), 29 (1), 30 (0), 31 (1)
	32 (0), 33 (1), 34 (0), 35 (1), 36 (0), 37 (1), 38 (0), 39 (1)
	40 (0), 41 (1), 42 (0), 43 (1), 44 (0), 45 (1), 46 (0), 47 (1)
	48 (0), 49 (1), 50 (0), 51 (1), 52 (0), 53 (1), 54 (0), 55 (1)
	56 (0), 57 (1), 58 (0), 59 (1), 60 (0), 61 (1), 62 (0), 63 (1)
	64 (0), 65 (1), 66 (0), 67 (1), 68 (0), 69 (1), 70 (0), 71 (1)
	72 (0), 73 (1), 74 (0), 75 (1), 76 (0), 77 (1), 78 (0), 79 (1)
	80 (0), 81 (1), 82 (0), 83 (1), 84 (0), 85 (1), 86 (0), 87 (1)
	88 (0), 89 (1), 90 (0), 91 (1), 92 (0), 93 (1), 94 (0), 95 (1)
	
	Detected 96 cores in 2 packages


Trying sysfs powercap interface to gather results

Running SAXPY code...
	Package 0
		package-1	: 852.873794J
		dram	: 55.007432J
	Package 1
		package-0	: 843.190407J
		dram	: 58.469654J

Using Matrix Free
Using 12 threads
n_dofs = 117649
Elapsed Time: 0.680776

RAPL read -- use -s for sysfs, -p for perf_event, -m for msr

Found Skylake-X Processor type
	0 (0), 1 (1), 2 (0), 3 (1), 4 (0), 5 (1), 6 (0), 7 (1)
	8 (0), 9 (1), 10 (0), 11 (1), 12 (0), 13 (1), 14 (0), 15 (1)
	16 (0), 17 (1), 18 (0), 19 (1), 20 (0), 21 (1), 22 (0), 23 (1)
	24 (0), 25 (1), 26 (0), 27 (1), 28 (0), 29 (1), 30 (0), 31 (1)
	32 (0), 33 (1), 34 (0), 35 (1), 36 (0), 37 (1), 38 (0), 39 (1)
	40 (0), 41 (1), 42 (0), 43 (1), 44 (0), 45 (1), 46 (0), 47 (1)
	48 (0), 49 (1), 50 (0), 51 (1), 52 (0), 53 (1), 54 (0), 55 (1)
	56 (0), 57 (1), 58 (0), 59 (1), 60 (0), 61 (1), 62 (0), 63 (1)
	64 (0), 65 (1), 66 (0), 67 (1), 68 (0), 69 (1), 70 (0), 71 (1)
	72 (0), 73 (1), 74 (0), 75 (1), 76 (0), 77 (1), 78 (0), 79 (1)
	80 (0), 81 (1), 82 (0), 83 (1), 84 (0), 85 (1), 86 (0), 87 (1)
	88 (0), 89 (1), 90 (0), 91 (1), 92 (0), 93 (1), 94 (0), 95 (1)
	
	Detected 96 cores in 2 packages


Trying sysfs powercap interface to gather results

Running SAXPY code...
	Package 0
		package-1	: 117.614567J
		dram	: 9.110369J
	Package 1
		package-0	: 115.329844J
		dram	: 9.544538J

Using Matrix Free
Using 24 threads
n_dofs = 117649
Elapsed Time: 0.330385

RAPL read -- use -s for sysfs, -p for perf_event, -m for msr

Found Skylake-X Processor type
	0 (0), 1 (1), 2 (0), 3 (1), 4 (0), 5 (1), 6 (0), 7 (1)
	8 (0), 9 (1), 10 (0), 11 (1), 12 (0), 13 (1), 14 (0), 15 (1)
	16 (0), 17 (1), 18 (0), 19 (1), 20 (0), 21 (1), 22 (0), 23 (1)
	24 (0), 25 (1), 26 (0), 27 (1), 28 (0), 29 (1), 30 (0), 31 (1)
	32 (0), 33 (1), 34 (0), 35 (1), 36 (0), 37 (1), 38 (0), 39 (1)
	40 (0), 41 (1), 42 (0), 43 (1), 44 (0), 45 (1), 46 (0), 47 (1)
	48 (0), 49 (1), 50 (0), 51 (1), 52 (0), 53 (1), 54 (0), 55 (1)
	56 (0), 57 (1), 58 (0), 59 (1), 60 (0), 61 (1), 62 (0), 63 (1)
	64 (0), 65 (1), 66 (0), 67 (1), 68 (0), 69 (1), 70 (0), 71 (1)
	72 (0), 73 (1), 74 (0), 75 (1), 76 (0), 77 (1), 78 (0), 79 (1)
	80 (0), 81 (1), 82 (0), 83 (1), 84 (0), 85 (1), 86 (0), 87 (1)
	88 (0), 89 (1), 90 (0), 91 (1), 92 (0), 93 (1), 94 (0), 95 (1)
	
	Detected 96 cores in 2 packages


Trying sysfs powercap interface to gather results

Running SAXPY code...
	Package 0
		package-1	: 77.788619J
		dram	: 6.535670J
	Package 1
		package-0	: 76.056324J
		dram	: 6.824182J

Using Matrix Free
Using 48 threads
n_dofs = 117649
Elapsed Time: 0.226524

RAPL read -- use -s for sysfs, -p for perf_event, -m for msr

Found Skylake-X Processor type
	0 (0), 1 (1), 2 (0), 3 (1), 4 (0), 5 (1), 6 (0), 7 (1)
	8 (0), 9 (1), 10 (0), 11 (1), 12 (0), 13 (1), 14 (0), 15 (1)
	16 (0), 17 (1), 18 (0), 19 (1), 20 (0), 21 (1), 22 (0), 23 (1)
	24 (0), 25 (1), 26 (0), 27 (1), 28 (0), 29 (1), 30 (0), 31 (1)
	32 (0), 33 (1), 34 (0), 35 (1), 36 (0), 37 (1), 38 (0), 39 (1)
	40 (0), 41 (1), 42 (0), 43 (1), 44 (0), 45 (1), 46 (0), 47 (1)
	48 (0), 49 (1), 50 (0), 51 (1), 52 (0), 53 (1), 54 (0), 55 (1)
	56 (0), 57 (1), 58 (0), 59 (1), 60 (0), 61 (1), 62 (0), 63 (1)
	64 (0), 65 (1), 66 (0), 67 (1), 68 (0), 69 (1), 70 (0), 71 (1)
	72 (0), 73 (1), 74 (0), 75 (1), 76 (0), 77 (1), 78 (0), 79 (1)
	80 (0), 81 (1), 82 (0), 83 (1), 84 (0), 85 (1), 86 (0), 87 (1)
	88 (0), 89 (1), 90 (0), 91 (1), 92 (0), 93 (1), 94 (0), 95 (1)
	
	Detected 96 cores in 2 packages


Trying sysfs powercap interface to gather results

Running SAXPY code...
	Package 0
		package-1	: 67.316845J
		dram	: 6.102711J
	Package 1
		package-0	: 72.291379J
		dram	: 6.681679J

